4294967278,204
4294967278,202
4294967279,322
4294967278,412
4294967279,195
4294967278,194
4294967278,193
4294967278,192
4294967278,411
4294967278,351
4294967279,303
4294967279,537
4294967278,368
4294967279,342
4294967279,0
4294967279,300
4294967279,533
4294967279,324
4294967278,390
4294967279,323
4294967278,345
4294967294,30
4294967294,942
4294967294,941
4294967294,939
4294967294,938
4294967294,933
4294967294,922
4294967294,436
4294967294,830
4294967294,829
4294967294,828
4294967294,827
4294967294,60
4294967279,297
4294967294,92
4294967294,88
4294967294,11
4294967294,68
4294967279,293
4294967294,43
4294967294,417
4294967294,51
4294967294,946
4294967294,970
4294967294,5
4294967279,156
4294967278,389
4294967278,0
4294967278,346
4294967278,132
4294967278,131
4294967278,130
4294967278,129
4294967278,359
4294967278,128
4294967278,127
4294967278,126
4294967278,125
4294967278,124
4294967278,123
4294967278,122
4294967278,121
4294967278,120
4294967278,119
4294967278,118
4294967278,117
4294967278,116
4294967278,115
4294967278,114
4294967278,113
4294967278,112
4294967278,111
4294967278,110
4294967278,109
4294967278,108
4294967278,107
4294967278,106
4294967278,105
4294967278,104
4294967278,103
4294967278,102
4294967278,101
4294967278,100
4294967278,99
4294967278,98
4294967278,97
4294967278,96
4294967278,95
4294967278,94
4294967278,93
4294967278,92
4294967278,91
4294967278,90
4294967278,89
4294967278,87
4294967278,86
4294967278,85
4294967278,84
4294967278,83
4294967278,82
4294967278,81
4294967278,80
4294967278,79
4294967278,77
4294967278,75
4294967278,74
4294967278,73
4294967278,72
4294967278,71
4294967278,70
4294967278,69
4294967278,68
4294967278,67
4294967278,66
4294967278,65
4294967278,64
4294967278,63
4294967278,62
4294967278,61
4294967278,60
4294967278,59
4294967278,58
4294967278,57
4294967278,56
4294967278,55
4294967278,54
4294967278,53
4294967278,52
4294967278,51
4294967278,50
4294967278,49
4294967278,48
4294967278,47
4294967278,46
4294967278,45
4294967278,44
4294967278,43
4294967278,42
4294967278,41
4294967278,40
4294967278,39
4294967278,38
4294967278,292
4294967278,297
4294967279,14
4294967279,13
4294967279,11
4294967279,9
4294967279,8
4294967279,7
4294967279,6
4294967279,5
4294967279,4
4294967279,341
4294967278,343
4294967279,286
203,5
203,4
203,3
203,2
203,1
4294967278,290
4294967278,289
4294967278,288
4294967279,19
4294967278,287
4294967279,280
201,6
201,5
201,4
201,3
201,2
201,1
4294967279,527
4294967278,266
4294967278,339
4294967278,338
4294967279,524
4294967278,336
4294967279,523
4294967278,333
4294967278,225
4294967279,518
4294967279,250
4294967278,248
198,5
198,4
198,3
198,2
198,1
4294967278,242
4294967279,513
4294967278,237
4294967278,410
4294967279,229
4294967278,228
4294967278,226
196,5
4294967278,224
196,4
196,3
196,2
196,1
4294967278,216
4294967278,214
4294967279,319
4294967278,213
4294967294,960
4294967294,915
4294967294,907
4294967294,962
4294967294,176
4294967279,205
4294967278,203
4294967294,120
4294967278,201
4294967278,195
4294967279,194
192,5
4294967279,187
192,4
192,3
192,2
192,1
4294967279,186
4294967278,409
4294967279,340
4294967279,178
4294967279,177
4294967279,535
4294967294,1
4294967294,437
4294967279,339
189,5
189,4
189,3
189,2
189,1
4294967278,302
4294967279,292
4294967278,299
4294967279,155
4294967279,531
4294967279,287
4294967279,285
186,5
4294967278,139
186,4
186,3
186,2
186,1
4294967279,529
4294967278,408
185,5
185,4
185,3
185,2
185,1
4294967279,282
4294967294,191
4294967294,411
4294967294,115
4294967279,278
184,6
184,5
184,4
184,3
184,2
184,1
183,5
183,4
183,3
183,2
183,1
4294967278,331
4294967278,332
182,5
4294967279,519
182,4
182,3
182,2
182,1
181,5
181,4
181,3
181,2
181,1
4294967279,225
4294967279,222
4294967294,393
4294967294,390
4294967294,114
4294967278,212
4294967279,212
4294967279,211
4294967278,209
4294967279,260
4294967279,338
4294967278,205
4294967279,203
4294967279,572
4294967278,200
4294967278,321
4294967278,196
4294967279,311
4294967294,2
4294967279,310
4294967278,317
4294967278,319
4294967279,306
4294967278,78
4294967278,316
4294967279,541
4294967279,307
4294967279,305
4294967279,540
4294967279,320
4294967279,304
4294967278,314
4294967278,313
4294967278,407
4294967279,302
4294967278,309
4294967279,536
4294967279,299
4294967278,308
4294967279,575
4294967278,307
4294967279,532
4294967278,347
4294967279,165
178,5
178,4
178,3
178,2
178,1
4294967279,337
4294967279,336
4294967279,538
4294967279,574
176,6
176,5
176,4
4294967279,146
176,3
176,2
176,1
4294967278,293
4294967279,530
4294967294,967
4294967278,141
4294967279,138
4294967294,107
4294967294,917
4294967294,163
4294967294,966
4294967279,134
4294967278,341
4294967294,81
4294967294,50
4294967279,281
4294967278,286
4294967294,402
4294967294,189
173,5
173,4
173,3
173,2
173,1
4294967278,285
4294967279,335
4294967294,37
4294967278,259
4294967278,278
4294967279,522
4294967278,334
171,5
4294967279,521
171,4
4294967278,384
171,3
171,2
171,1
4294967279,520
4294967294,40
4294967279,249
4294967279,334
4294967294,973
4294967279,231
167,5
167,4
167,3
167,2
167,1
4294967279,174
4294967279,284
4294967294,904
4294967294,186
0,5
4294967278,388
4294967279,315
4294967278,372
4294967294,89
4294967278,197
4294967278,406
0,7
4294967294,0
4294967278,318
4294967279,309
4294967279,308
4294967294,22
4294967294,17
4294967294,99
4294967294,76
4294967278,76
4294967294,94
4294967294,96
4294967278,315
4294967278,352
4294967279,188
164,5
164,4
164,3
164,2
164,1
4294967294,921
4294967294,949
4294967294,29
4294967294,28
4294967294,920
4294967294,27
4294967294,45
4294967294,8
4294967294,26
4294967294,52
4294967294,67
4294967294,9
4294967294,1417
4294967278,310
4294967278,387
4294967279,170
4294967294,25
4294967294,7
4294967294,6
4294967294,46
4294967294,93
4294967294,95
4294967294,42
4294967294,90
4294967294,86
4294967278,304
4294967279,296
161,5
161,4
161,3
161,2
161,1
4294967278,157
4294967279,154
4294967279,333
160,5
160,4
160,3
160,2
160,1
4294967278,386
4294967278,295
4294967278,405
159,6
159,5
4294967294,82
159,4
159,3
159,2
159,1
4294967278,364
4294967279,142
4294967294,116
4294967294,119
4294967294,448
4294967294,463
4294967278,142
4294967279,141
4294967279,140
4294967278,291
4294967278,363
158,5
158,4
158,3
158,2
158,1
157,5
157,4
157,3
157,2
157,1
4294967278,269
156,5
156,4
156,3
156,2
156,1
4294967278,279
4294967279,516
4294967279,248
4294967279,247
4294967278,246
4294967279,241
4294967278,244
4294967279,243
4294967294,965
4294967278,233
4294967278,232
4294967278,404
4294967279,227
4294967278,223
4294967279,220
4294967278,221
4294967278,219
4294967279,573
4294967279,213
4294967279,214
4294967278,403
4294967278,327
4294967279,560
4294967278,402
4294967278,355
4294967294,470
4294967279,207
4294967279,559
4294967279,317
4294967278,325
